
Last position-specific scoring matrix computed, weighted observed percentages rounded down, information per position, and relative weight of gapless real matches to pseudocounts
            A   R   N   D   C   Q   E   G   H   I   L   K   M   F   P   S   T   W   Y   V   A   R   N   D   C   Q   E   G   H   I   L   K   M   F   P   S   T   W   Y   V
    1 M    -7  -8  -9  -9  -7  -7  -8  -9  -8   2   3  -8  10  -6  -9  -8  -7  -8  -7  -5    0   0   0   0   0   0   0   0   0   9  25   0  66   0   0   0   0   0   0   0  2.90 1.26
    2 R    -1   3  -1   2  -6  -3   0  -3  -5  -2  -5   1  -3  -7   5   1  -2  -7  -6  -6    5  18   3  12   0   1   5   2   0   3   1  10   1   0  26  12   2   0   0   0  0.75 0.52
    3 H    -2   1   2   1  -6   2   3  -4   2  -3  -4   1  -4  -4  -2   1   1   3  -4  -4    3   6  10   7   0   7  19   1   6   2   1  10   0   1   2  10   9   4   0   1  0.42 0.35
    4 D    -3  -3   3   6  -7   0   3  -4   1  -3  -4  -1  -7  -7  -5  -1  -2  -4  -4  -5    3   1  14  41   0   4  17   1   3   2   2   3   0   0   0   5   2   0   1   1  1.08 0.64
    5 F    -2   0  -1   0  -4  -1  -1  -4   1   1   1  -1   3   2  -3  -1   1   3   3   0    2   4   2   6   0   2   4   1   4   7  14   4   7   9   1   4  10   3  10   6  0.22 0.21
    6 Q    -1   0   0   1  -6   3   3  -3  -1  -3  -2   2  -4   1   2   0  -2  -5  -1  -3    4   6   5   7   0  11  21   2   1   1   5  11   0   5   9   7   2   0   2   2  0.35 0.31
    7 S    -1   0   0   2  -5   1   2  -3  -3   0   0   0  -4  -1  -2   2  -1  -2  -1   0    5   5   4  13   0   7  14   1   0   6   8   5   0   2   2  15   3   1   2   5  0.21 0.23
    8 K    -1  -1   0   2  -5   0   1  -3  -1   0   0   1  -2   3  -4  -1   1  -4   3  -2    5   3   5  10   0   3   9   1   1   6   8  10   1  13   1   3   8   0  10   3  0.24 0.23
    9 L    -1  -3  -5  -3  -3  -4   1  -6  -2   4   1   0  -2   3  -5  -2  -1   1   3   1    5   1   0   2   1   0  10   0   1  23  14   7   1  10   0   3   4   2   9   8  0.48 0.34
   10 D    -1  -3   3   4  -7   2   4  -4  -1  -3  -3  -1  -5  -3  -6   0  -3  -8  -3  -3    5   1  12  25   0   7  25   1   1   1   2   4   0   1   0   7   1   0   1   2  0.77 0.53
   11 N    -1   1   0   2  -4   1   3  -3  -2   0  -1   1  -2  -2  -4   0   0  -5  -1  -1    4   8   5  12   0   7  17   1   1   5   7  10   1   2   0   7   7   0   2   5  0.23 0.23
   12 Y    -1  -4  -3  -5  -2  -4  -2  -7  -3   3   3  -2  -2   1  -6  -2   0  -5   3   3    4   1   2   1   1   1   3   0   1  17  28   3   1   5   0   4   5   0   9  16  0.57 0.38
   13 K    -2   1  -2  -1  -2   1   1  -4   0   1   1   2   0   2  -4  -1  -1  -4   0   0    3   6   2   3   1   6  12   0   2   9  15  12   2   8   0   5   3   0   3   6  0.17 0.18
   14 N     0   3   1   2  -1   2   2  -3  -1  -3  -4   2  -4  -5  -2   0   0  -3  -3  -4    7  14   7  12   1   8  14   1   2   2   2  14   0   0   2   7   5   0   1   1  0.41 0.34
   15 Q    -2   4  -1  -1  -2   2   2  -6  -4   0   0   4  -2  -3  -6  -3  -4  -4  -2  -2    3  20   2   4   1   7  12   0   0   6   9  26   1   1   0   1   1   0   2   2  0.64 0.46
   16 L    -1  -4  -2  -5   3  -4  -5  -5  -5   6   2  -4  -1   1  -7  -3   0  -4  -2   2    5   1   2   1   5   1   1   1   0  38  18   1   1   5   0   2   5   0   1  10  0.85 0.48
   17 M    -2   3   0   0  -4   2   3  -4   0  -2  -2   3   1  -2  -3  -2  -1  -6  -3  -3    3  16   3   6   0   9  19   1   2   3   4  20   3   2   1   2   3   0   1   1  0.52 0.39
   18 K     0  -1   0   0  -2   0   0  -3   0   2   1   1  -1   0  -3  -1   0   1   0   0    6   3   4   4   0   5   5   1   2  13  13  11   1   5   0   5   7   2   3   8  0.09 0.11
   19 L    -4  -4  -4  -7  -2  -4  -4  -7  -1   2   5  -4   1   4  -7  -4  -2  -2   2  -2    1   1   1   0   1   1   1   0   2   9  51   1   3  13   0   2   2   0   7   3  1.06 0.59
   20 S     1  -2   2  -1   4  -2  -1  -2  -2   3  -1  -1  -2  -3  -4   2  -1  -5  -2   0   10   2   9   4   7   1   5   2   1  16   7   3   1   1   0  18   4   0   1   7  0.29 0.27
   21 S    -1   2  -1   2   0   2   3  -4  -2  -1  -4   2  -3  -3  -1   1  -1  -6  -5  -3    5  10   3   9   2  10  22   1   1   4   1  11   1   1   3  12   3   0   0   2  0.44 0.36
   22 H    -2   2   1  -2  -4   2   1  -2   3  -2  -2   3  -2  -3  -4   0   1  -2   1  -4    4  12   7   2   0   9   7   3   6   3   5  16   1   1   1   8   8   1   4   1  0.30 0.27
   23 A     0   1   0  -2  -2   0   0   1  -2   1   1   2  -2  -2  -1   0  -1   0  -2   0    8   7   6   1   1   4   5  12   0   7  15  13   1   2   2   5   2   2   1   7  0.09 0.12
   24 W    -5  -5  -2  -5  -7  -4  -4  -6  -4   1  -3  -6  -4   2  -2  -5  -6  11   4   0    1   1   2   1   0   1   1   1   0   7   3   1   1   7   3   1   1  52  11   6  2.44 1.11
   25 D    -4   0  -1   2  -5  -3   2  -1  -3  -2  -2   1  -6  -3   5  -2  -4   6   0  -4    2   4   3  13   0   1  12   4   1   3   4   8   0   1  26   3   1  11   3   1  0.76 0.53
   26 D    -1   1   2   0  -3   0   0   3   1  -1  -2   0  -2  -2  -1   1   0  -4  -1  -1    4   9   8   6   0   5   6  20   3   5   5   5   1   2   2   9   5   0   2   3  0.16 0.16
   27 D    -2   3   0   1  -4   1   2   0   0  -2  -3   2  -1  -3   0   1  -2  -3  -1  -3    3  13   5   7   0   6  13   7   2   2   2  13   2   1   4  11   2   0   3   2  0.27 0.25
   28 K    -2   1  -1   0  -2  -2  -1  -3  -2   4   0   1  -1  -2   0  -2  -3  -5  -2   2    4   9   3   6   1   2   4   2   1  23  10   8   1   2   5   3   1   0   1  15  0.29 0.23
   29 K    -4   0   2   3  -5  -2   0  -2  -3  -4  -3   1  -3   4  -1   1   2  -6  -2  -5    1   4   9  14   0   1   7   4   1   1   3  10   1  17   3  12  11   0   1   1  0.45 0.37
   30 W    -2   0  -1  -1  -4  -1   1  -2   0   2   0   0   0   0   0   0   0   3   1   0    2   6   3   3   0   3  12   3   3  11  11   7   3   4   5   6   6   4   5   5  0.10 0.13
   31 P    -1  -2   1   2  -4  -1   4  -3  -1   0  -2   0  -3  -1   2   0  -1  -6  -2  -1    6   2   6   9   0   2  25   2   1   5   5   5   1   3  10   7   4   0   2   4  0.33 0.29
   32 E    -3   4   1   3  -5   0   2  -4   2  -4  -4   1  -4  -5  -5   2  -1  -5  -3  -4    2  18   7  16   0   5  12   1   5   1   2   9   0   1   0  14   4   0   1   1  0.56 0.41
   33 I    -2  -5  -6  -6  -4  -5  -5  -6  -5   4   4  -6  -2   2   0  -4  -3  -6  -1   3    3   1   0   0   0   1   1   1   0  21  32   0   1   7   5   1   1   0   3  21  0.92 0.51
   34 E     1   2   0   1  -4   2   2  -3  -2   1  -1   1  -2  -4  -5  -1  -2  -6  -2  -1   10  13   5   8   0  10  14   2   1   8   7   8   1   1   0   4   2   0   1   5  0.29 0.25
   35 E     2   2   2   0  -3   1   1   0  -1  -3  -1   1  -4  -5  -4   1   0  -6  -4  -4   19  11   9   5   1   6   8   6   2   1   6   9   0   0   1   9   5   0   1   1  0.29 0.26
   36 W    -6  -4  -6  -7  -9  -8  -9  -9  -6  -6  -5  -4  -8  -2  -9  -4  -7  13  -3  -7    1   1   1   0   0   0   0   0   0   1   2   2   0   2   0   2   1  86   1   1  4.67 1.95
   37 L    -6  -5  -9  -9  -2  -7  -8  -8  -7   2   6  -7  -1   0  -9  -7  -6  -5  -3   0    1   1   0   0   1   0   0   0   0  10  71   1   1   4   0   1   1   0   1   5  1.86 0.90
   38 K     0   1   3   2  -4   1   2   0  -2  -6  -3   1  -2  -4  -7   2  -2  -5  -4  -6    7   6  14   9   0   6  14   7   1   1   3   9   1   1   0  16   3   0   1   0  0.48 0.36
   39 N    -7   0   7  -6  -3   7  -4  -5  -1  -7  -6  -5  -8  -8  -8  -5  -6  -8  -5  -7    1   4  39   1   1  44   1   1   2   0   1   1   0   0   0   1   1   0   1   1  2.22 1.13
   40 F    -5  -5  -5  -6  -6  -5  -6  -6  -4  -4  -4  -6  -4   9  -6  -6  -5  -2  -4  -4    1   1   1   1   0   1   1   1   1   1   2   1   0  82   1   1   1   1   1   1  3.11 1.24
   41 T    -1   0   0   3   1   0   2  -2  -1  -2  -1   1  -3  -2   0   1  -1  -3  -3  -2    5   5   5  15   3   5  13   3   1   3   5   9   1   2   6  10   5   0   1   4  0.22 0.15
   42 G     0   0   1  -1  -1   0   0   1   0  -1   0   0  -1  -1   0   1   1  -2  -1  -1    6   4   6   4   1   5   7  10   2   4   8   5   1   3   5  12   8   1   3   5  0.05 0.04
   43 R     0   0   0   0   0   1   0   0   0  -1   0   0  -1  -1   0   0   0   0   0  -1    8   6   5   4   2   7   7   9   2   4   9   6   2   3   4   7   6   1   3   5  0.03 0.01
   44 C     0   0   0   1  -1   0   1   0  -1   0   0   0   0   0   0   0   0  -1   0   0    7   4   4  10   2   4   8   6   2   5  11   4   2   4   4   8   5   1   3   6  0.03 0.01
   45 F     0   1   0   0   3   1   0   0  -1   0   0   0  -1   0  -1   0   0   1   0   0    7   7   4   6   7   6   5   6   2   5   8   5   2   4   3   6   5   2   3   8  0.04 0.02
   46 S     0  -1   0   1  -1   0   1  -1   0   0   0   0  -1  -1   1   0   0  -1  -1  -1    6   4   5   9   1   3   9   6   2   6  10   6   2   3   8   8   5   1   2   5  0.05 0.02
   47 K     0  -1   0   4  -1  -2   2  -2  -2  -1   0   0  -2  -2  -2   0   2  -3  -2  -1    6   3   5  19   1   2  12   4   1   3   8   5   1   2   3   7  11   0   1   4  0.24 0.13
   48 E     0  -2  -1   3  -3  -2   3  -3  -2  -1  -3   1  -2  -3   3  -1  -2  -2  -4  -2    9   2   3  17   1   2  19   2   1   4   3   7   1   2  14   5   2   1   1   4  0.46 0.27
   49 E     0  -1   0   3  -3   0   5  -3  -1  -2  -2   0  -3  -3  -3   0  -1  -5  -2  -2    7   4   5  14   1   4  29   2   1   2   5   5   1   1   2   7   4   0   2   4  0.50 0.31
   50 E    -5  -4  -3   6  -7   0   5  -5   1  -4  -4  -3  -5  -5  -7  -3  -5  -7  -5  -4    1   1   1  37   0   4  38   1   3   2   2   2   0   1   0   2   1   0   1   2  1.55 0.83
   51 H    -4   6  -7  -6  -6   5  -3  -6  -1  -1  -2   3  -1  -3  -6  -6  -5  -2  -1  -2    2  36   0   0   0  20   2   1   2   3   5  17   2   2   1   1   1   1   2   3  1.27 0.71
   52 L    -1   1   0   1  -4   1   3  -3  -1  -2   0   1  -3  -2   2  -2  -1   0   3  -2    6   7   5   7   0   6  16   2   1   3   8   7   1   2  10   4   4   1   8   3  0.23 0.21
   53 L     0  -4  -3  -3  -1  -3  -4  -6   2   3   4  -4   0   1  -6  -3   1  -3   1   0    8   1   2   2   1   1   1   1   4  15  32   1   2   6   0   2   9   0   4   7  0.59 0.35
   54 A     6  -7  -8 -10  -4  -9  -7  -3 -10   1   1  -7   1  -1  -7  -3  -7  -6  -5  -1   62   0   0   0   0   0   1   2   0   7  11   0   3   3   0   2   0   0   1   5  1.60 0.88
   55 L     2  -1  -5  -5  -2  -2  -1  -5  -3   2   3  -1  -1   3  -8  -2  -3  -1   3  -1   13   4   1   1   1   2   5   1   1  10  25   5   2   9   0   3   2   1  10   4  0.47 0.31
   56 H    -2   2  -1   2   1   1   2  -4   2  -2   0   2  -1   2  -6   0  -1  -3   0  -3    4  11   2   9   3   6  11   1   5   2  11  11   1   7   0   6   3   0   3   2  0.28 0.22
   57 L    -6  -8 -11 -11  -5 -10 -10  -9 -10   3   6 -10   3   1 -10  -5  -5  -2  -3   0    1   0   0   0   0   0   0   0   0  14  61   0   6   6   0   1   1   1   1   7  1.72 0.86
   58 L    -3  -4 -10 -11  -1 -10 -10 -11 -10   2   6  -3  -2  -1 -10  -5  -1 -10  -6   1    3   1   0   0   1   0   0   0   0  10  64   2   1   3   0   1   4   0   0   9  1.61 0.83
   59 T    -3   1   2   4  -3   0   3  -4  -3  -6  -4   2  -5  -6  -5   2  -2  -5  -5  -7    2   7  10  24   1   4  14   2   1   0   2  11   0   0   1  15   3   0   1   0  0.77 0.54
   60 H     0   4   4  -3  -2   0  -1  -3   3  -6  -5   2  -3  -4  -8   2  -4  -4  -1  -5    8  20  17   2   1   5   5   3   7   1   1   9   1   1   0  16   1   0   2   1  0.72 0.50
   61 F    -7  -9  -7  -5  -3  -9  -9  -8  -5   2   4  -9   1   6  -9  -5  -4  -8   2   0    1   0   0   1   1   0   0   0   0  10  39   0   4  27   0   1   2   0   6   7  1.46 0.74
   62 I    -3   1   1  -2  -2   0   0  -6   1   3  -1   0   2  -1  -6  -3   2  -3  -3   2    2   8   7   3   1   5   6   0   3  16   7   6   4   3   0   2  11   0   1  14  0.36 0.25
   63 Y    -8  -5  -7 -10  -4  -7  -6  -8  -1  -1   0  -6  -3   6  -8  -7  -7   3   8   0    0   1   0   0   0   0   1   0   2   4  10   1   1  31   0   1   1   4  38   6  1.97 1.00
   64 F    -4   2  -7  -6   1  -7  -7  -8  -3   4   0  -5  -3   4  -7  -7  -6  -4   4   3    2  11   0   1   3   0   1   0   1  22   8   1   1  15   0   0   0   0  12  20  1.12 0.60
   65 G    -4  -4   2   1  -4  -4  -4   1  -6  -7  -8  -4  -9  -6   0   6   2 -10  -6  -9    2   1  10   7   0   1   1  12   0   0   1   1   0   0   5  47  10   0   0   0  1.23 0.82
   66 N    -1   2   1   1  -7   2   2  -2   2  -2  -2   1  -4   0  -1   1   0  -2  -2  -3    6  11   6   8   0   7  13   3   4   2   4   7   0   4   4  10   6   1   2   2  0.23 0.22
   67 S     1   1   2   3  -5   0   2  -2   0  -3  -3   0  -3  -3  -3   1   0  -2  -3  -3   10   8   8  16   0   4  13   4   2   2   3   6   1   1   2  10   6   1   1   2  0.31 0.27
   68 T    -2  -1  -2   3  -9   3   5  -6  -1  -4  -2  -2   3  -4  -7  -3  -1  -9  -4  -5    4   4   2  13   0  12  38   1   2   1   5   3   6   1   0   3   4   0   1   1  0.97 0.65
   69 I    -4  -5  -5  -6  -2  -3  -4  -6  -5   4   1  -6   4   5  -8  -6   0  -7   2   3    2   1   1   1   1   1   2   1   0  22  11   1  10  19   0   1   5   0   7  15  1.02 0.54
   70 R    -2   4   1   1  -4   2   2  -4   1   0  -2   1  -1  -3  -5   0   0  -7  -1  -2    3  18   7   7   0   8  13   1   3   5   5   8   1   1   1   7   5   0   2   3  0.38 0.30
   71 E     1   2   1   0  -2   2   3  -3   4  -3  -4   0  -4  -3  -5   2  -1  -8  -3  -2   10  10   6   5   1   8  16   2   9   2   2   5   1   1   1  14   4   0   1   3  0.44 0.35
   72 M     0   0  -3  -1  -2  -2  -2   0  -2   0   4  -1   4  -1  -6   0  -3   2  -1  -2    9   5   2   3   1   2   3   6   1   5  31   4   9   3   1   8   1   3   2   3  0.41 0.29
   73 L    -5  -5  -6  -7  -1  -4  -7  -5  -5   3   5  -6   2   2  -7  -5  -4  -4   1   2    1   1   0   0   1   1   1   1   0  15  43   1   5   8   0   1   2   0   5  12  1.11 0.60
   74 K    -2   4   0  -1  -2   1   2  -4   0   0  -2   3  -1  -3  -5   0   0  -4  -3  -1    4  19   5   4   1   5  11   2   2   5   5  15   1   1   1   7   5   0   1   4  0.40 0.30
   75 A     1  -1   1   0  -1   2   1  -3   1   0  -1   0  -2  -3  -5   3   1  -3  -2  -2   11   4   6   6   2   9   8   3   4   4   6   6   1   1   1  17   8   0   1   3  0.22 0.22
   76 C     3  -2  -4  -5  -1  -1  -3  -3  -1   1   3  -3   1   1  -7   0  -2  -7  -4   0   20   2   1   1   2   3   2   3   2   8  29   2   3   6   0   6   3   0   1   5  0.51 0.34
   77 Y    -3  -5  -5  -6  -4  -3  -6  -6   2   3   3  -5   0   4  -6  -5  -4  -2   6   0    3   1   1   1   1   2   1   1   4  14  22   1   2  16   1   1   2   1  21   7  1.01 0.55
   78 E    -1   2   1   1  -4   2   2  -2   3  -2  -2   1  -2  -3   2   0  -2  -2  -2  -4    6  12   7   7   1   7  13   4   6   2   4   7   1   1   9   7   3   1   2   2  0.27 0.25
   79 E    -3   2   2   3   0   0   3  -2  -1  -3  -4   2  -1  -5  -5   1  -1  -2  -3  -3    3  10   8  16   2   5  15   4   1   2   2  12   2   1   1  10   3   1   1   2  0.44 0.33
   80 Q    -1  -1  -2  -4   0  -2  -3  -5   1   4   3  -1   1   2  -4  -3  -1  -1   0   2    5   4   2   1   2   2   2   1   3  18  22   5   3   7   1   2   5   1   3  11  0.41 0.23
   81 F    -1  -3  -3  -4   1  -3  -2  -2  -3   3   2  -4   0   3  -3   0  -3  -6   0   2    6   2   1   1   3   1   4   3   1  16  20   1   2  10   2   7   2   0   3  14  0.42 0.25
   82 I     0   4   1   0  -2   1   0  -2   0  -1  -1   1  -2  -2   1  -1   0  -2  -1  -2    7  19   6   5   1   5   6   3   2   3   7   9   1   2   7   5   6   1   2   3  0.22 0.19
   83 I    -1   1   1  -1  -1   1   0   0   2  -1  -1   0   0  -1   2   0   0  -2   2  -2    5   7   6   4   2   5   6   7   5   3   7   7   2   2  11   7   5   1   6   3  0.10 0.11
   84 P     0   1  -2  -2  -2   0   1  -3   0   1   0  -1   0   1   2  -2  -2   2   2   0    8   9   2   3   1   4   8   2   2   7  10   4   2   5  11   3   3   3   7   7  0.15 0.14
   85 L     0  -2  -2  -2  -1  -2  -2  -2  -1   3   3  -2   0   0  -1  -1  -2  -1  -1   1    7   2   2   3   1   2   3   3   2  15  29   3   2   4   3   4   2   1   2   9  0.34 0.21
   86 K     0   0   0   0  -1  -1   0  -1  -2   2   0   0   0  -2   0   0  -1  -1  -1   1   10   6   4   6   1   3   7   6   1  14   8   6   2   2   4   6   3   1   2   8  0.06 0.06
   87 Q     0   2   0   1  -2   2   1  -3   1  -2  -2   2  -2  -2  -1   0  -1  -1   0  -2    7  11   5   9   1   9  10   3   3   3   5  12   1   2   3   6   3   1   3   3  0.20 0.19
   88 E     0   0   0   0  -2   0   3  -1   0  -1  -2   1   0   0   0   0   0   0   0  -1    8   4   5   5   1   4  17   5   2   3   5  10   2   4   4   6   6   2   4   4  0.12 0.13
   89 I     1  -2  -1  -1  -1  -2  -1   0  -1   3   1  -1  -1  -1  -1  -1   0  -1  -1   2   11   2   3   3   1   1   5   6   1  17  11   4   1   2   3   5   6   1   2  12  0.16 0.12
   90 R     1   3   1  -1   0   0   0  -1   0  -1  -2   0  -1  -2   1   0  -1  -1   0  -1   13  15   6   4   2   4   7   5   2   4   5   5   2   2   6   8   3   1   3   4  0.13 0.14
   91 R     0   2   0   0   0   0   0  -2   0   1   0   1  -1  -1  -1  -1   0   0   1  -1    7  11   4   5   2   4   7   3   2  10   7  10   2   3   3   5   5   2   5   5  0.08 0.07
   92 N     0   0   1   0   0   0   1  -1   1   1  -1   1   0   0   0   0  -1   1   1  -1    7   5   6   5   2   4  11   4   3   8   7   8   2   4   4   5   3   2   4   5  0.04 0.05
   93 N     0   0   1   0   0  -1   0  -1   1   0   1  -1   0   0   2   0  -1   2   0   0    7   5   7   4   2   3   5   4   3   5  12   4   2   5  10   5   4   2   3   5  0.06 0.06
   94 N    -1   0   0   0   2   0   0  -1   2   0  -1   0   2   1   0  -1   0   4   1  -1    5   5   5   5   5   5   5   5   5   5   5   5   5   5   5   5   5   5   5   5  0.09 0.08
   95 D     0   0   0   1   0   0   0   0   1   0  -1   0   0   0   0   0  -1   2   1  -1    6   5   5   7   2   4   7   6   4   7   5   5   2   5   5   7   3   3   4   5  0.03 0.03
   96 T    -1   1  -1  -1   0  -2   0  -2  -1   1  -2   0  -1  -1   2   1   2   1  -2   1    4   8   2   4   2   2   6   3   2   8   5   6   2   3  10  10  12   2   2   9  0.14 0.14
   97 T    -1   2  -1  -1  -2   0   0  -2   0   0   1   0   0  -1   1  -1   0   3  -1   1    6  10   4   4   1   4   6   3   3   6  12   7   2   2   6   5   5   4   2   9  0.09 0.08
   98 N     0   0   1   3  -2  -2   0  -1  -1  -2  -3   1  -2  -2  -1   1  -1   2   0  -2    7   5   6  18   1   2   7   6   2   3   3   8   1   2   4  11   5   3   4   3  0.22 0.19
   99 N     0   0   0   1  -1   0   1  -1  -1   0   0   1  -1  -1   0   0   0   1   0  -1    6   6   5   8   2   5  10   4   2   6   9   8   1   3   5   7   5   2   3   4  0.05 0.05
  100 Y     0   0   0   0  -1   0   1  -1   0   1   0   1   0   1   0   0   0   0   0   0    7   4   5   6   1   4   8   5   2   8   7  10   2   6   4   5   4   1   4   7  0.02 0.02
  101 L     0  -1  -1   0  -1   0   0  -1  -1   1   1   1   0   1  -1   0  -1   2   0   0    7   3   3   5   1   4   7   4   2   8  15   8   2   7   3   6   4   3   3   6  0.05 0.05
  102 I     0   0   0  -1  -1  -1  -1  -1  -1   2   1   0   0   0  -1   0   0   3  -1   0   10   5   4   3   1   3   4   6   1  13  11   5   2   4   4   7   5   4   2   7  0.06 0.05
  103 N    -1   0   2   1  -2   1   2  -1   2  -2  -2   1  -1  -2  -1   2   0  -1   0  -2    6   5   8   8   1   5  12   5   4   3   4   7   1   2   3  12   5   1   3   3  0.16 0.16
  104 A     0   2   1   0  -1   0   0  -2   1  -2  -2   2  -2  -2   1   1   0   1  -1  -2    9   9   7   5   1   4   7   4   3   3   5  10   1   2   8  10   7   2   2   3  0.12 0.13
  105 C     0   0   0   0  -1   0   1   0   0   0  -1   1   0   1  -2   0  -1  -1   0  -1    8   6   5   4   2   5  11   8   2   7   7   8   3   6   2   6   4   1   3   4  0.04 0.04
  106 L    -2  -1   0  -2  -1  -1  -2  -2  -1   0   2   1  -1   4  -1  -1  -2   0   3   0    4   4   5   3   2   2   3   3   2   5  17   8   1  16   3   4   3   1   8   6  0.25 0.17
  107 N    -1   1   2   2   0   0   1  -1   0   0  -2   2  -1  -1   0   0  -1   1  -1  -2    5   6   9  10   2   3   8   5   2   5   4  13   2   2   5   7   4   2   2   3  0.13 0.13
  108 D    -1   0   1   1   0   0   1  -2   0   0  -1   0   0   0   2   0   0   1   0  -1    6   6   7   8   2   5   8   4   2   5   5   7   2   4   9   7   5   2   3   4  0.07 0.08
  109 E     0   0   0   0   1   0   1  -1   1   0  -1   0   0   0   0   0   0   2   1  -1    7   6   5   6   4   4   8   4   4   5   6   6   3   5   4   5   5   3   6   5  0.04 0.04
  110 I    -1   0   0   0   2   0   0  -1   2   0  -1   0   2   1   0  -1   0   4   1  -1    5   5   5   5   5   5   5   5   5   5   5   5   5   5   5   5   5   5   5   5  0.09 0.08
  111 E    -1   1   0   0   0  -1   0  -1   0   0  -1   0   0   2   0   0   1   0   1   0    5   8   4   4   2   2   5   6   2   6   6   6   2   9   5   6   8   1   6   7  0.04 0.04
  112 K    -2   2   1   0  -1   1  -2  -1   0  -1  -1   2  -1   0   2   0   0  -1  -1   0    4  10   7   5   2   6   2   4   2   3   5  13   1   4  10   6   7   1   2   6  0.16 0.16
  113 T    -1  -1  -2  -2   0  -2  -3  -4   0   3   0  -2  -2  -1   3   0   2  -1  -2   1    6   3   2   2   2   2   2   2   2  14  10   3   1   3  16   8  12   1   1   8  0.31 0.25
  114 L    -1   2  -2  -4   0  -3  -4  -4   0   2   1  -2  -1  -1   1  -2  -2   1   1   3    5  11   2   1   2   1   1   2   2  12  14   3   2   3   7   4   3   2   4  20  0.36 0.24
  115 F     1   0  -1  -1  -2  -1  -1  -3  -1   2   0   0  -1   4  -2  -1  -1  -1   1   0   10   6   3   3   1   2   4   2   2  11  10   6   1  16   2   5   4   1   4   8  0.20 0.14
  116 I    -1   1  -1  -1   1   0  -2   1   0   0   0  -1   1  -1   1   0   0  -1  -1   1    5  10   4   3   4   4   2  10   2   6   8   4   5   3   7   7   5   1   2   9  0.06 0.07
  117 G     0   0  -1   0  -1  -1   1   2  -2  -3  -3  -1  -2  -3   3   1   1  -1   0  -3    9   4   3   5   2   3  10  13   1   2   3   4   1   1  12  10   9   1   4   2  0.22 0.23
  118 A     0   0   0   1   0  -1  -1  -2   0   1   1   0   0   0  -2   0   0   0   0   1    8   6   4   8   2   2   3   3   2   7  15   5   3   4   2   5   5   2   4  10  0.06 0.06
  119 G    -1  -1  -1   3  -2   0  -1   3  -2  -3  -1  -1  -1   0   1   1   0  -7  -2  -3    5   4   3  13   1   4   4  22   1   2   6   5   2   3   6  10   5   0   1   2  0.27 0.23
  120 N    -1   0   2   3  -1   0   0   1   1  -1  -3   0   0   0  -1   1  -2   0   0  -2    4   5   9  14   1   4   5  10   3   4   2   6   2   4   4  12   3   1   3   3  0.17 0.17
  121 P     0  -1   0   0  -1  -1   0   1   0  -1  -1   1  -1  -1   3  -1  -1   0  -1  -1    7   3   4   5   2   3   7  10   2   4   6   8   2   3  14   5   4   1   3   5  0.12 0.12
  122 S     2  -1  -2  -1   0  -1  -2   3   0  -1  -1  -1   0  -2   0   1   0   0  -1  -1   14   4   2   3   2   3   2  20   2   4   6   4   2   2   6   9   6   1   3   5  0.17 0.17
  123 E    -1   0   0   3  -1  -1   0   1   1  -2  -2   4   0  -2  -2   0  -2   0  -2  -2    5   5   5  15   1   3   6  10   3   2   4  20   2   2   2   6   3   1   2   3  0.30 0.24
  124 S    -3  -3  -5  -1  -3  -4  -4  -1  -4  -2  -5  -4  -3  -5  -4   7  -1  -7  -3  -2    2   2   1   3   1   1   1   5   1   2   2   2   1   1   1  66   4   0   1   4  1.58 0.92
  125 G    -1  -6  -3  -1  -4  -4   1   6  -5  -4  -4  -5  -4  -5  -4   3  -4  -7  -5  -4    6   1   2   4   1   1   8  46   0   1   3   1   1   1   1  22   1   0   1   1  1.18 0.69
  126 A     2  -4   1   0  -4   3  -1   0   1  -3  -4  -2  -3  -1   0   2   0  -3   1  -1   17   1   7   5   0  11   4   7   3   2   2   2   1   2   4  15   6   1   4   5  0.29 0.27
  127 H     1   0  -2   0  -5  -1   1  -2   3   1   1  -2   2   1  -3   0  -2  -3   0   0   11   6   2   5   0   3  10   3   7   6  13   3   4   6   1   7   3   0   3   5  0.15 0.13
  128 L    -3  -2  -4  -5  -3  -2  -5  -2  -1   4   2  -4   4   2  -4  -3  -3  -1   2   3    2   3   1   1   1   2   1   4   1  20  18   1   8   7   1   2   2   1   6  18  0.66 0.36
  129 L     2  -5  -2  -4   0  -2  -5  -2  -2   3   3  -4   1  -3  -3   0   1   0  -2   0   17   1   2   1   2   2   1   4   1  17  21   1   3   1   1   6   9   1   2   6  0.44 0.30
  130 Y    -4   4   1   2  -7   0  -2  -2   1  -4  -5  -2  -3  -4  -3  -1  -4  -1   7  -5    2  19   7  10   0   4   3   3   3   1   2   2   1   1   2   6   2   1  31   1  1.05 0.63
  131 Y    -1  -1   0  -1  -2   1   0  -3   0   1   2   0   2   1  -1   0  -1   0   2  -1    5   3   4   4   1   6   6   2   3   9  17   5   4   5   3   7   3   1   8   4  0.12 0.10
  132 F    -1  -3  -4  -5  -1  -4  -4  -4  -2   3   3  -4   0   5  -5  -3  -3  -3   3  -1    5   2   1   1   2   1   2   2   1  13  25   1   3  23   1   2   2   0   8   5  0.80 0.42
  133 R    -1   6  -1  -3  -3   0  -3  -3  -2  -3  -2   4  -3  -3  -4  -2  -1   1  -3  -3    6  33   3   2   1   5   2   3   1   2   5  22   1   1   1   4   4   2   1   2  0.84 0.51
  134 Q    -2   3   1   0  -2   4   0  -2   3  -1  -2   2  -1  -4  -1   0  -1  -3  -3  -2    4  12   6   5   1  15   7   4   6   4   4  10   2   1   3   7   4   1   1   3  0.30 0.24
  135 M     1  -1  -1  -2  -1   0   1  -3  -1   2   1  -2   0   0  -2   0   1  -1  -1   1   12   3   3   3   1   4   9   2   2  13  11   3   2   3   2   6   8   1   2  11  0.15 0.11
  136 N     1  -3   5  -2  -1   1  -3  -2  -2  -1   1  -1  -1   0  -1  -1  -1  -2   0  -2   10   1  28   3   1   5   2   4   1   3  12   3   2   4   3   6   4   1   3   3  0.46 0.31
  137 N    -1   2   2   0  -3   0   1   2   0  -2  -2   1  -1  -1  -2  -1  -1  -1   0  -2    5  11  10   5   1   4   9  15   2   3   5   8   1   3   3   6   3   1   3   3  0.18 0.15
  138 L    -3  -2  -4  -4  -3  -3  -3  -4  -3   5   4  -1   0   1  -4  -3  -4  -1   0  -1    3   3   1   1   1   2   2   2   1  29  31   3   2   6   1   2   1   1   3   5  0.82 0.42
  139 S    -1  -1   2   1  -2  -1  -1  -1   1   1  -1   0  -2  -1   1   3  -1  -2   0  -2    6   4   8   7   1   3   4   4   3   7   6   6   1   3   7  21   3   1   3   3  0.19 0.19
  140 K    -2   0   2   0  -3   1   2  -1  -1  -3  -5   3  -2  -3   0   1   1  -2  -2  -3    3   5  10   5   1   6  14   5   2   2   1  19   1   1   4   9   8   1   1   2  0.38 0.31
  141 E    -1   0   2   1  -3   0   3   0   1  -3  -2   2  -2  -2  -3   0   0   0  -2  -3    6   4   9   8   1   4  19   6   4   2   4  11   1   2   2   7   5   1   2   2  0.27 0.23
  142 R    -2   1   1  -1   2   3  -1  -2   0  -1   1   2  -2   0  -3  -2  -2   1   1  -1    3   8   7   3   4  14   4   3   2   3  13  12   1   4   2   3   3   2   5   4  0.24 0.20
  143 F    -2  -2  -2  -2   2  -1  -2  -3  -1   2   0  -1   1   5  -3  -2  -2   4   0   2    3   2   2   2   4   3   3   3   1  12   8   4   3  20   1   4   3   6   3  12  0.46 0.27
  144 S    -1   2   0  -1   0   0  -1  -2   1   2   0   1   0   0  -1  -1  -2   3   0   0    5  12   4   4   2   3   3   4   4  10  10   8   3   4   4   5   3   4   3   8  0.10 0.08
  145 D    -2  -1   3   3  -2   0   0  -2   3  -2  -3   0  -2  -2   1   1   0   2   0  -2    4   3  11  14   1   4   7   4   7   3   3   5   1   2   7  10   6   3   3   3  0.25 0.22
  146 F    -1  -1   1   0  -1  -1   0  -1   1   0   0   0   2   0   2   0   0   0   0  -1    5   4   6   6   2   3   5   4   4   5   9   6   5   4  10   8   6   2   3   3  0.07 0.08
  147 Y    -1   0   0   1  -1   0   0  -1   1  -1  -1   1   1   1   0   0  -1   4   2  -2    6   5   5   7   1   4   7   5   3   4   6   7   3   6   5   7   3   6   6   3  0.10 0.10
  148 G    -1   0   1   1   0   1   1  -1   1  -1  -2   2   1  -1  -1   0   1   2  -1  -2    4   5   7   7   2   5   9   5   3   4   4  11   3   3   3   8   7   3   2   3  0.10 0.11
  149 A     0   0   0  -1   1   0   0  -1   0   1   0   0   0   0  -1   0   0   1   0   0    8   5   4   4   3   4   5   4   3  12   9   5   2   4   3   8   5   2   3   7  0.02 0.02
  150 F    -2  -2   0   0   0  -1  -1  -1   1   1   2  -1   0   2  -2  -1  -1   2   0   1    3   2   6   5   2   3   3   4   3   7  17   4   2   9   3   5   4   3   3  11  0.12 0.09
  151 Y    -1   1   1   1   0   0   1  -1  -1   0   0   1  -1   0  -1   0   0  -2   1   0    5   8   6   7   2   3   8   5   1   7   9   8   1   5   3   6   5   0   5   6  0.03 0.03
  152 K     0   2   0   0  -1   0   1  -2   0   0   0   1  -1   2  -1   0   0   1   0  -1    6  11   4   5   1   3   8   3   2   6   9   8   2   8   4   7   5   2   3   4  0.05 0.05
  153 D     0   0   0   2  -1  -1   1  -2   1  -1  -1   1  -2   0  -2   0   0   0   0  -1    6   6   4  14   1   3   9   3   3   4   7   9   1   5   2   8   6   1   3   4  0.10 0.08
  154 Q     0   0   1   0   1   0   0  -1   0  -1   0   0   0  -1   1   1   0   2   0  -1    7   4   8   5   3   4   8   4   2   4  12   5   2   2   7   9   5   3   3   3  0.05 0.05
  155 N     0   0   1   1  -1   0   1  -1   3   0  -1   0  -2  -2  -1   1   0   0   0  -2    8   5   7   8   1   4   8   5   7   5   7   5   1   2   3  13   5   2   3   2  0.10 0.10
  156 S     0  -1  -1   0  -2   0   0  -1   0   1   0   0  -1   0   3   0   0  -1   1  -1    6   3   3   5   1   5   6   5   2   8   8   6   1   4  15   8   5   1   5   4  0.11 0.10
  157 N    -1   1   1   2  -3   1   1  -1  -1  -1  -1   1  -1  -1   0   1   0  -1  -1  -1    4   7   7  12   1   7   8   6   1   4   7   7   2   3   5   9   5   1   3   3  0.09 0.09
  158 N     0  -1   0   1  -2   0   1   0  -1   0   0   1  -1  -2   1   0  -1   3  -1  -1    7   3   5   8   1   3   9   7   1   7  11  11   1   2   6   6   3   4   1   3  0.07 0.08
  159 L     0  -1   0   1  -1  -1   1  -2  -1   1   1   0   0   1  -1  -1  -1  -1   1  -1    8   2   4   7   1   3  10   3   1  12  16   6   1   6   3   4   3   1   5   4  0.06 0.08
  160 Y     0   1   0   0  -2   0   1  -1   0   0  -1   1  -1  -1   0   0   0  -1   0   0    6   6   5   5   1   3   9   5   2   9   7  12   1   2   4   7   5   1   4   5  0.04 0.05
  161 P    -1  -1   0   1  -2   0   0  -2  -1   1   2   1   1   0  -1  -1  -1  -3  -1  -1    5   3   5   8   1   4   7   3   1   9  22   9   4   4   3   4   4   0   1   3  0.09 0.10
  162 H     0   3   0   0  -2   1   1  -2   2  -1  -1   2  -1  -2  -2  -1  -1  -2  -1  -2    9  20   5   6   1   5   8   3   6   4   6  12   1   2   2   3   3   0   2   3  0.22 0.18
  163 S     0  -1   2   2  -2   0   1  -1  -1  -1   0   1  -1  -1   0   0   0  -4  -1  -1    6   3  11  11   1   4  10   4   1   5  11   9   1   2   4   8   5   0   1   3  0.10 0.11
  164 S     0   2   1   1  -2   0   0   0   0  -2  -2   2  -1  -2   1   0   0  -3  -2  -2    8  10   6   7   1   4   7   8   2   2   3  17   2   1   6   7   6   0   1   2  0.16 0.15
  165 S    -1   2   1   1  -2   0   1  -1   0  -2  -2   2  -2  -3   0   1   0  -2  -2  -1    5  11   8   7   1   4   9   5   2   3   3  16   1   1   4  10   5   0   1   3  0.18 0.15
  166 I     0  -2   0   0   0  -2  -1  -1  -1   2   0  -1  -1   2   0  -1  -1  -2   1   2    6   2   5   7   2   1   3   4   2  14   5   3   1  13   4   2   3   0   5  18  0.12 0.14
  167 N    -1   3   1   1  -1   0   2  -2   1  -2  -3   3  -2  -3  -2   0   0  -4  -1  -2    4  19   8   8   1   3  12   3   3   2   1  17   0   1   1   6   5   0   2   2  0.30 0.22
  168 R     0   1   1   0   0  -1  -1  -1   1   0   0   0  -1  -1   0   0   0   1   1   0    5  11  10   5   2   1   2   4   4   6   9   5   1   2   5   6   7   2   6   9  0.03 0.06
  169 Y    -3  -3  -4  -1  -1  -3  -4  -4  -1   4   2  -1  -1   3  -4  -3  -2  -1   3   2    1   1   0   5   1   1   0   1   2  31  17   4   1  11   0   0   1   1   9  14  0.49 0.29
  170 I    -2  -3  -5  -3  -1  -4  -3  -4  -3   4   0  -2  -1   2  -4  -3  -2   0   0   5    1   2   0   2   1   0   2   1   1  28   6   2   1   8   0   1   1   2   3  40  0.70 0.38
  171 F    -2  -3  -4  -2  -1  -3  -4  -4  -1   2   3  -1   0   5  -4  -2  -2  -1   0   1    2   0   0   2   1   0   0   0   2  12  30   4   2  26   0   2   1   1   2  11  0.50 0.28
  172 F    -2  -4  -4  -3   1  -3  -4  -4  -4   3   1  -4   1   2  -4  -2  -1  -3  -1   4    2   0   0   1   3   0   1   1   0  22  14   0   3   8   0   2   2   0   2  38  0.57 0.29
  173 D    -2  -3   0   6  -4   0   0  -2  -3  -1  -2  -3  -3  -4  -3   0   0  -5  -4  -2    2   0   2  61   0   3   4   2   0   5   4   1   0   0   0   5   7   0   0   2  1.01 0.44
  174 D    -3  -4  -1   7  -5  -3   0  -1  -3  -4  -3  -3  -4  -4  -3  -2  -3   2  -1  -4    1   1   2  73   0   0   3   5   0   1   4   1   0   0   1   2   1   3   3   1  1.46 0.55
  175 L    -2  -3   0  -4   3  -2  -3  -2  -1   1   0  -3   1   5  -4  -2   0  -2   2   1    2   0   5   0   6   1   0   3   1  10   5   1   4  35   0   1   8   0   6   9  0.47 0.27
  176 V    -1  -3  -2  -2   1  -1  -3  -2   2   3   1  -3   0   0  -3   0   1  -3  -1   2    4   0   2   2   4   2   0   2   5  26   9   0   2   4   0   8   9   0   2  17  0.25 0.20
  177 A     1  -4  -1  -3  -1  -2  -2   5  -3  -2  -1  -3  -1  -2  -4   0   0  -4   0  -1    9   0   2   0   2   2   2  53   0   2   5   0   2   2   0   5   6   0   3   4  0.71 0.36
  178 S    -2  -1   1  -3  -3  -3  -2  -2  -3  -2  -3  -1  -3  -4  -3   5   4  -4  -1  -3    1   4   5   0   0   0   2   2   0   2   2   2   0   0   0  48  27   0   2   0  0.84 0.49
  179 G    -1  -5  -3  -4  -5  -4  -5   7   0  -5  -3  -4  -5   0  -5  -1  -2  -5  -4  -2    3   0   0   0   0   0   0  77   2   0   3   0   0   4   0   3   3   0   0   3  1.54 0.61
  180 T    -1   0   1   0  -1   0   0   1   0  -2  -2   0   1  -2  -3   1   3   3  -1  -2    2   5   7   6   1   3   5  12   2   2   4   5   4   1   0  10  21   5   2   2  0.17 0.17
  181 Q    -2   2  -2  -3  -5   6  -1  -1   0  -3  -4  -1  -4  -5  -4   2   2  -5  -2  -4    2  12   1   0   0  39   3   5   2   1   1   3   0   0   0  14  16   0   1   0  0.84 0.52
  182 I     1  -3  -3  -4   0  -1  -3  -1  -3   2   2  -3   1   3  -3  -1  -1   0   0   2   16   0   0   0   2   3   0   4   0  12  19   0   3  14   0   5   4   1   2  14  0.27 0.21
  183 S     0   0   0   0   0  -1   1  -1  -1   1   0   0   0  -1  -2   1   0   1  -1   0    5   6   4   4   2   2   9   4   1  14  12   6   1   2   0  12   7   3   2   6  0.04 0.08
  184 G    -2   3   1   2  -4   0   1   0  -1  -5  -5   3  -4  -5  -4   1   0  -7  -2  -5    4  17   7  12   0   3  10   7   1   1   1  18   0   0   1   9   6   0   2   1  0.50 0.35
  185 Y    -1   0  -1  -4   2  -2  -1  -4  -1  -1  -4  -1   2   5  -4  -3   1   0   5  -2    6   5   3   1   4   2   5   2   2   3   2   5   4  24   1   2   8   1  17   3  0.72 0.46
  186 L    -1  -4  -3  -3  -1  -4  -4  -5  -1   3   3  -4   0   1  -5  -2  -3   7   1   1    5   1   2   2   1   1   1   1   1  13  26   1   2   6   1   3   2  14   5  11  0.78 0.46
  187 K    -1   1   3   2  -2   0   2  -3  -1  -3  -4   4  -2  -4  -4  -1  -1  -1  -3  -3    5   8  11  11   1   4  12   3   2   2   2  24   1   1   1   5   4   1   1   2  0.53 0.39
  188 D     0   2   1   1  -1  -1   1  -1   1  -3  -3   2  -1   0  -2   0   0   4   0  -3    8  10   6   7   1   3  10   6   3   2   3  12   1   4   2   7   6   6   3   2  0.21 0.20
  189 R    -1  -1  -1  -2   0  -2  -2  -4   1   2   1   1   1   3  -2  -2  -1   4   1   0    5   3   3   3   2   2   3   2   3  12  15   8   3  12   2   3   3   5   5   6  0.26 0.18
  190 L    -1   0   0   0   2   0   0  -1   2   0  -1   0   2   1   0  -1   0   4   1  -1    5   5   5   5   5   5   5   5   5   5   5   5   5   5   5   5   5   5   5   5  0.09 0.08
  191 A    -1   2   1   0   1   1   1  -1   1  -1  -2   2   0  -1   0   0  -1   2   0  -2    6   9   6   6   3   5  10   4   3   3   4  11   3   3   5   7   4   3   3   3  0.11 0.11
  192 Q    -1   0   0   0   2   0   0  -1   2   0  -1   0   2   1   0  -1   0   4   1  -1    5   5   5   5   5   5   5   5   5   5   5   5   5   5   5   5   5   5   5   5  0.09 0.08
  193 I    -3  -4  -1  -3   0  -2  -3  -2  -1   3   2  -2   0   3  -4   1  -2   2   0   1    3   1   4   2   2   2   2   4   2  16  19   3   2  12   1   9   2   2   3   8  0.36 0.23
  194 R    -1   3   0  -2   0  -1  -1   0   0   1  -1   2  -1  -2  -1  -1  -1   4  -1  -2    5  13   4   3   2   3   3   7   3   9   7  14   2   1   4   5   4   6   3   3  0.21 0.17
  195 S     0  -1   1   1  -2   0   2  -1  -1  -1  -1   2  -2  -2  -2   3  -1   0  -2  -3    7   4   6   7   1   4  11   5   1   3   6  13   1   2   3  18   3   1   1   2  0.21 0.21
  196 A    -1   0   0  -1   1   0  -1  -2   1   0   0   0   1   0  -1   1  -1   7   0  -2    6   5   4   4   3   3   5   4   4   5   9   6   3   4   3   9   4  12   4   3  0.25 0.19
  197 N    -1  -1   2   0   1   0  -1   0   1   0   0   0   0   1  -1   0  -1   2   1  -1    4   4   9   5   3   4   4   7   4   6   8   7   3   7   4   6   4   3   5   4  0.06 0.06
  198 P    -1   0   0   0   2   0   0  -1   2   0  -1   0   2   1   0  -1   0   4   1  -1    5   5   5   5   5   5   5   5   5   5   5   5   5   5   5   5   5   5   5   5  0.09 0.08
  199 S    -1   0   0   0   2   0   0  -1   2   0  -1   0   2   1   0  -1   0   4   1  -1    5   5   5   5   5   5   5   5   5   5   5   5   5   5   5   5   5   5   5   5  0.09 0.08
  200 I     0   1  -1  -2   2  -2  -2  -2   1   3   0   0   0   1  -1  -1  -1   2   0   2    6   7   3   2   4   2   3   3   3  16   9   6   2   5   3   5   3   3   3  12  0.16 0.11
  201 K    -2   1   1   0   1   0   1  -1   3  -1  -2   2   0  -1  -1  -1   1   2  -1  -2    3   6   7   5   3   4   9   4   6   4   4  13   3   3   4   4   9   2   3   3  0.17 0.15
  202 L     0   0   0   0   2  -1   0   0   1   0  -1   0   1   0   0   0   0  -2   1   0    6   6   5   6   5   0   6   6   5   6   6   6   5   5   6   6   6   0   5   6  0.03 0.07
  203 Q    -1   0  -2   0   2  -1  -2  -3   4   2  -1  -1  -1   2  -3  -2  -1   3   4   0    6   5   2   5   3   3   2   2   9  10   6   4   1   9   1   4   4   3  13   6  0.35 0.23
  204 F    -1  -2  -1  -6   4  -1  -2  -3   0   2   0  -2   1   3  -2  -2  -2   2   3   2    6   3   3   0   7   3   3   3   3  11   8   3   3   9   3   3   3   3   9  15  0.35 0.22
  205 M    -1   0   0   0   2   0   0  -1   2   0  -1   0   2   1   0  -1   0   4   1  -1    5   5   5   5   5   5   5   5   5   5   5   5   5   5   5   5   5   5   5   5  0.09 0.08
  206 C     1  -3  -2  -5   4  -2  -3  -1   1  -1  -1  -1   0   0   1   1   2   0   0   1   13   1   2   0  10   1   1   4   4   4   6   3   2   4   8  11  11   1   3  11  0.26 0.26
  207 L     0  -3  -3  -3   0  -2  -2  -3   0   3   3  -3   1   1  -3  -2  -2   0   4   1    7   1   1   1   2   2   3   3   2  15  24   1   3   5   1   3   2   1  12  10  0.36 0.28
  208 F     2  -3  -2  -3   1  -2  -1  -2   0   2   0  -2   1   1  -2   0   1  -4   0   2   20   1   2   1   3   2   4   2   2  11   8   2   4   7   2   6   7   0   2  15  0.21 0.21
  209 A     4  -3  -3  -5   2  -2  -2   2  -1   1  -2  -2   0  -2  -3   0  -1  -1  -2  -1   33   2   1   0   4   1   2  15   1   8   5   3   3   2   1   8   4   1   1   5  0.43 0.36
  210 T    -2  -1  -1  -2   2   0  -2  -3   2  -1  -2  -1   4   0  -2   1   4   2   0  -2    4   3   3   3   4   4   3   3   5   3   5   3  10   4   3   9  24   3   4   3  0.41 0.33
  211 T    -1   1   0   1   1   1   2  -2   1  -1  -2   1   0  -1   1   0  -1   2   0  -1    5   7   4   8   3   7  13   3   3   4   3   8   3   3   7   6   5   2   3   4  0.13 0.14
  212 I     0   0   0   1   0   2   2  -2   1  -1  -3   1   1  -1  -2   0  -1   1   0  -1    7   4   4   9   2   9  13   3   3   4   3   8   3   3   3   7   4   2   3   4  0.15 0.16
  213 G     3  -3  -2  -3  -1  -2  -3   5  -1  -1  -4  -3   0  -3  -7   0  -2  -8  -2  -3   21   2   2   2   2   2   2  41   1   4   3   2   2   2   0   6   3   0   1   2  0.88 0.54
  214 L    -1   0  -2  -1  -1   0   0  -4   0   3   2   1   0  -1  -4  -1  -1   0  -1   0    5   6   2   3   2   4   6   2   2  16  20  10   2   3   1   4   3   1   3   7  0.23 0.16
  215 E     0   1   1   2  -1   1   3  -3   0  -2  -3   2  -1  -2  -3  -1  -1  -7  -2  -3    7   7   7  12   2   6  17   3   2   3   3  13   1   2   2   6   4   0   2   3  0.33 0.27
  216 A     1   2   2  -1   0  -1  -1  -3   2  -2  -1   2   0   0  -2  -1   0   2   1  -1   10  11   9   3   2   3   4   2   5   3   6  11   2   4   2   4   6   2   5   5  0.17 0.15
  217 L    -2  -2  -6  -2   1  -1  -2  -3   1   4   2  -2   1   0  -2  -2  -2   2   0   2    4   3   0   3   3   3   3   3   3  20  18   3   3   4   3   3   3   3   3  12  0.36 0.22
  218 N    -1   3   0   0   1   1   1  -2   2   0   0   1   0  -1  -1  -1   0   2  -1  -2    4  14   5   5   2   5   8   3   4   5  10   7   3   3   3   5   5   2   3   3  0.12 0.11
  219 E     0   0   1   1   0   0   2  -2   1  -2  -3   3  -1  -1  -1   1  -1   2  -1  -3    8   6   6   7   2   5  12   3   3   3   3  14   2   2   3  10   3   3   2   2  0.19 0.19
  220 S    -1   0   2   0  -1   0   0  -2   4  -1   1  -1   1  -1  -2   1  -1   2   0  -2    5   5   9   4   2   4   7   3   9   4  13   4   3   3   3  10   4   2   3   2  0.14 0.13
  221 D     0   0   0   0   1   0   0   0   0   0  -1   1   0   0   0   0   0   0  -1  -1    8   6   4   6   4   3   5   7   2   6   6  10   2   4   4   8   7   2   2   5  0.02 0.02
  222 M     0   1   0   0   3  -1   0  -1   0  -1   0   1   0   0   0   0  -1   0   1  -1    7   7   5   6   6   3   5   4   2   4   8   9   2   5   5   8   3   1   5   4  0.05 0.05
  223 F    -1   0   0   0   2   0   0  -1   2   0  -1   0   2   1   0  -1   0   4   1  -1    5   5   5   5   5   5   5   5   5   5   5   5   5   5   5   5   5   5   5   5  0.09 0.08
  224 N    -1   0   0   0   2   0   0  -1   2   0  -1   0   2   1   0  -1   0   4   1  -1    5   5   5   5   5   5   5   5   5   5   5   5   5   5   5   5   5   5   5   5  0.09 0.08
  225 G    -1  -1   0   0   0   0   0   0   0   1   0   0   0   0   0   0   0   2   0   1    4   3   4   5   3   4   5   8   3   9   8   5   3   5   5   5   5   3   3  10  0.01 0.02
  226 N    -1   0   1   0  -1   0   1  -3   2   2  -1   1  -1   0  -3  -1   0   0   0   1    5   5   7   6   1   4   8   2   5  10   5   9   2   3   1   5   5   2   4   9  0.10 0.09
  227 A     0  -3  -1  -2   1  -1  -1  -3  -1   3   0  -2  -1   1  -2   0  -2   0  -1   3    8   2   3   3   2   3   5   2   1  15   8   3   1   5   3   7   3   1   2  22  0.28 0.19
  228 H    -1   1   0  -1   1  -1   0  -1   3   1   0   0   0   1  -2   0   0   0   1   0    4   8   4   4   3   3   6   4   7   7   7   6   2   6   2   9   5   1   5   8  0.06 0.06
  229 C     1  -2  -2  -2   3  -1  -1  -3  -1   1  -2  -2  -2   0   2   1   1   1   0   2   12   3   2   2   6   3   4   2   2   7   5   3   1   4  10   9   8   2   4  12  0.18 0.16
  230 L     1  -2  -2  -3   2  -2   0  -1   0   2   0  -1   0   0  -2  -1  -2  -2  -1   3   10   2   2   1   4   2   6   5   3  12   9   4   2   4   2   4   3   1   2  22  0.26 0.18
  231 F    -2  -1  -1  -2   0  -1   1  -2   5   2   0  -1  -1   2  -2  -2  -1  -1   3  -1    3   4   3   3   2   3  11   4  11   9   7   4   2   9   3   3   5   1   9   5  0.28 0.20
  232 H    -2   1  -1  -2  -1  -1   2  -1   0   2  -1   1  -1   0   0  -1   0   1   1   1    3   7   3   2   2   3  14   5   2  10   6   7   2   3   5   6   5   2   5   9  0.11 0.11
  233 L    -3  -3  -4  -3   4  -4  -3  -2   0   3   4  -1   1   1  -3  -2  -4  -1   2  -1    2   2   1   2   7   1   3   4   2  13  33   5   3   5   1   3   1   1   7   5  0.57 0.31
  234 D    -2  -2   1   3  -2  -2   1   0  -1  -1  -1   0  -2  -3   3   1   0  -3  -2  -3    3   2   6  16   1   2   9   8   1   3   5   7   1   1  14   9   6   1   2   2  0.29 0.25
  235 D    -1  -1   0   2  -3  -1   2  -3  -1   1  -2   1  -1  -2   1   0   2  -1  -2  -1    5   4   4  11   1   2  13   2   2   8   5   8   2   2   7   7  12   1   1   4  0.19 0.18
  236 S    -1   1  -1   0  -2  -1   1  -1   0   1  -1   1  -1  -1  -1   2   2  -5  -2  -2    5   8   3   5   1   3   8   5   3   7   6   8   1   3   3  17  10   0   1   3  0.16 0.16
  237 Y    -1  -1   0   1   2   0   0  -2   3   0  -1  -1   0   1  -1   0  -1   2   3  -1    5   4   5   9   5   5   5   3   7   6   5   4   3   7   3   6   4   2   8   4  0.14 0.12
  238 K    -1   1   1   0   1   0  -1  -1   1  -1  -1   2   1   0   0   1   1  -5   0  -2    4   7   6   5   3   4   4   6   3   3   5  12   3   3   5  11   9   0   3   3  0.10 0.12
  239 A     2  -2  -2  -1   2  -2  -2  -2  -1   1   0  -2   0   2  -2   0   0   1   0   1   18   2   2   3   5   2   2   4   2   7  10   3   2   9   3   6   6   2   4  11  0.18 0.14
  240 F    -3  -2  -1  -1   0  -2  -2  -4  -1   1   1  -2  -1   7  -3  -3  -1   1   0  -1    3   2   3   4   2   2   3   2   1   7  13   3   2  35   2   3   5   2   3   4  0.77 0.42
  241 G     0  -1   0   1   0  -2   0   0   1  -1  -1  -2  -1  -2   1   3  -1   0  -1  -2    7   3   5   9   2   2   6   7   3   4   6   2   1   2   7  21   4   1   2   3  0.18 0.18
  242 K     0  -1   0   1  -2  -1   2   0  -1  -1  -1   1   0  -2   2   1  -1  -5  -2  -2    7   3   5   9   1   3  14   7   1   4   7   7   2   2  11   9   5   0   1   2  0.16 0.16
  243 K     0   0   2   3   1   0   1  -1   0  -1  -1   1   0  -2   0   0  -1  -1  -1  -2    6   5   9  14   3   4  10   4   2   4   5   8   2   2   5   7   5   1   2   3  0.14 0.12
  244 S     0  -1   1   2   0  -1  -1   0   0  -1  -3   0  -1  -2   0   3   0   0  -1  -1    7   4   5   9   2   3   4   7   2   3   3   5   1   2   6  22   5   1   2   5  0.20 0.19
  245 R     0   2   0   0  -1   0   0   0   0   0   0   0  -1  -1   0   1   0   0   0  -1    6  10   4   5   1   3   5   7   2   7   8   7   2   3   4  11   6   2   4   3  0.04 0.05
  246 N     0  -1   0   0  -1  -2  -2  -1  -1   2  -1  -1  -1   2   0  -1  -1   0   3   0    7   3   4   5   1   2   3   5   2  13   7   4   1   9   6   5   3   1  10   8  0.14 0.10
  247 F    -2  -1  -1  -1  -2  -1  -1  -2  -1   1   1  -2  -2   5   0  -1  -1   5   2  -2    3   3   3   3   1   3   5   3   2   7  11   3   1  20   6   6   4   7   6   3  0.40 0.24
  248 K     0   0   1   2  -3  -1   1   0   0  -1  -1   1  -1  -2   0   1   0  -2  -3  -2    9   5   6  11   1   3   9   8   2   4   6   9   1   2   4   8   6   1   1   3  0.11 0.10
  249 L     0  -1   1   1  -1   0   0   1   0   0  -1   0   0   0   0   0   0   3   1  -1    8   4   7   8   1   4   6  10   2   5   7   6   2   4   4   7   4   4   4   3  0.04 0.04
  250 L    -2   0   0   1   0  -1   1  -2   0   1   0  -1   1   1   0  -1  -1   5   1   0    4   6   5   7   2   3   8   3   3   6  10   3   4   5   5   4   3   8   5   6  0.17 0.13
  251 K     0   0   1   2   0   0   1  -1   1  -2  -2   1   0  -2   2   0   0   1  -1  -1    7   4   7  10   2   4   9   5   3   3   5   8   2   2   9   8   5   2   2   4  0.11 0.12
  252 R     0   0   0   1   0   0   1   0   1  -1  -1   1   0  -1   1   0   0   1   0  -1    7   6   5   9   2   4   8   7   3   4   5   7   2   3   7   6   6   2   3   3  0.05 0.06
  253 P    -1  -1   0   3  -2   0   3  -1   0   0  -1   0  -1  -1   1   0  -1   0   0  -2    4   4   5  14   1   4  16   4   2   6   6   6   2   3   6   6   3   1   3   3  0.18 0.17
  254 S    -1  -2   0   3  -2   1   3  -2   0  -1  -1   0   0  -1  -2   0  -1   2   1  -3    5   2   5  15   1   6  16   3   2   3   7   7   2   3   3   7   4   2   4   2  0.22 0.20
  255 R     0   4  -2  -1  -2   0  -1  -2   1   0   0   2   1  -2  -1  -2  -2   1   1  -1    8  19   2   4   1   4   4   3   3   6   8  11   4   2   3   3   3   2   4   5  0.23 0.19
  256 R     0  -1   1   2  -1   1   2  -2   1  -1  -2   1   0  -2  -2  -1  -1   1   3  -2    8   4   7  10   1   5  14   3   3   4   4   9   2   2   2   5   3   2   9   2  0.21 0.19
  257 K     0   1  -1   0   0   0   1  -2   1  -1   0   1   0   2  -1  -1  -1   1   2  -2    9   7   3   6   2   4   9   3   3   4   8   9   2   8   3   4   5   2   6   3  0.09 0.09
  258 L     0  -1  -1   0   1  -1  -1  -2   0   2   1  -1   3   1  -2  -2  -1   2   1   1    6   3   3   6   3   3   4   3   3  13  11   4   8   6   3   3   3   3   5   9  0.16 0.11
  259 K    -1   0   0   0   2   0   0  -1   2   0  -1   0   2   1   0  -1   0   4   1  -1    5   5   5   5   5   5   5   5   5   5   5   5   5   5   5   5   5   5   5   5  0.09 0.08
  260 K     1   0   1   3  -1   0   3  -3  -1  -3  -1   2  -1  -3  -3   0   0  -1  -2  -3    9   5   6  13   1   5  15   2   1   2   7  10   2   1   1   8   6   1   2   2  0.26 0.23
  261 F    -1  -1  -3  -3  -1  -3  -4  -4  -1   3   3  -2   2   3  -3  -3  -1   0   0   1    5   3   1   2   1   1   2   1   2  13  28   3   5  10   2   2   5   1   3  10  0.46 0.28
  262 C     0  -1  -1  -1   6  -1   1  -2   1   0   0  -1   2   0  -2  -1  -1  -6   1  -1    7   3   3   3  17   3   8   3   4   5   8   4   5   4   3   5   4   0   5   4  0.35 0.23
  263 K    -1   0   0   1   0   0   1  -1   1   0  -1   1   0   0  -1   0   0   2   0  -1    5   6   5   9   3   4   7   5   3   5   6   8   3   4   3   6   5   3   4   5  0.04 0.04
  264 Y    -2   3   0   1  -2  -1   1  -2   2  -1  -2   4  -2  -1  -4  -1   0  -1   1  -3    3  13   5   8   1   3   7   3   4   3   4  22   1   3   1   5   5   1   4   2  0.35 0.27
  265 Y    -1  -2  -3  -4   0  -3  -2  -5   3   2   1  -2   1  -1  -4  -4  -4  -1   7  -1    5   2   2   1   2   1   3   1   7  11  12   3   3   2   1   2   1   1  36   4  1.05 0.60
  266 A     0  -2   0   0   2  -2   1   4   2  -2  -3  -1   0  -1  -2   1  -2   1   0  -3    8   2   4   6   3   2   8  26   5   3   3   4   2   2   2   9   3   2   4   2  0.32 0.25
  267 T    -1   1   0   0   0   1   0  -1   1  -1  -3   2  -1  -2   2   0  -1   1  -1  -2    6   7   5   6   2   5   7   5   3   4   3  14   2   2  11   8   5   2   3   2  0.16 0.16
  268 Y    -2   2   0  -1   0   1   0  -2   0   0  -1   3   0  -1   0   0  -1   1   0  -1    4   9   5   4   2   5   6   4   3   5   8  17   2   3   4   6   4   2   3   5  0.12 0.12
  269 L    -1  -2  -1  -1   0  -1  -1   0   0   2   2   0   0   0  -1  -2   0   1   1   0    6   2   3   3   2   2   3   7   2  13  23   6   2   3   3   2   5   2   4   5  0.16 0.12
  270 N    -1   1   2  -1  -1   0   0   2   0  -3  -3   2  -1   0  -1   0  -1   3   1  -2    5   7   9   4   2   3   6  15   2   2   3  12   2   3   4   6   4   3   4   3  0.19 0.17
  271 F    -1   1   0   0  -1  -1  -1   1   0   1  -2   2  -2   0   2  -1   0   0  -2   0    4   7   4   4   2   3   3  11   2   7   4  14   1   4  10   5   6   1   2   6  0.13 0.12
  272 Q    -1   2   2   0  -2   0  -2   1   2  -1  -3   3  -2  -3   0   1   0   1  -2  -3    4  10   9   6   1   4   3  10   4   3   3  16   1   1   5   9   5   2   1   2  0.24 0.21
  273 D    -1   0   1   2   0   0   2   0   1  -2  -4   2  -1  -3   0   1   0  -1  -2  -3    5   5   6   9   2   5  13   8   4   2   2  11   2   2   5  10   5   1   1   2  0.19 0.18
  274 P    -2   1   2   2  -1  -1   0   0   2  -1  -1   2   0  -1   0  -1  -1   1   0  -2    3   6   8  13   1   3   7   7   4   4   6  11   3   2   5   5   4   2   3   3  0.13 0.11
  275 H    -1   0   1   1   0  -3  -1   0   3  -2  -3  -2   2   1   2   0  -3  -1   3  -2    5   5   7   8   2   1   4   7   7   3   3   2   5   6  11   7   2   1  10   3  0.27 0.21
  276 K     1   1  -2  -3  -2  -2  -3  -1  -1  -1  -3   2   0  -2   4   2  -3   5  -1  -2   12   6   2   1   1   2   2   5   2   4   3  11   2   2  18  13   2   7   2   3  0.42 0.33
  277 L    -2   0  -2  -3   0  -1  -1  -2   0   0   3  -2   1   2  -1   0   0   1   2  -2    4   4   2   2   2   3   4   3   2   4  29   3   3   7   4   7   6   2   7   2  0.27 0.17
  278 G    -1  -1  -7  -1   1  -7  -2   6  -7  -7  -3  -1  -7   0  -7  -2   1  -7  -7  -7    5   3   0   3   3   0   4  55   0   0   4   5   0   4   0   4   8   0   0   0  1.28 0.62
  279 Y    -1   1   0  -3  -1  -1  -2  -4   1   0  -4   0  -1   3  -3  -3   1   3   6  -3    6   7   5   2   2   3   4   2   3   5   2   6   2  12   2   2   8   4  23   2  0.63 0.36
  280 K    -2  -1   1  -1   1  -2  -2   3   4  -2  -1  -1  -1   2  -3  -2  -3   3   3  -7    4   3   6   4   3   2   3  20  10   3   7   5   1   9   2   4   2   4   9   0  0.45 0.28
  281 D    -1  -1   3   3   1   0   1   2   1  -5  -5   1  -3  -4  -3   0  -2  -2  -3  -5    4   3  14  17   3   4   9  18   4   0   1  10   1   1   1   7   1   1   1   0  0.46 0.35
  282 C     0  -1  -1  -2   3   0  -3  -1  -2  -1   2  -1   0   0  -4   3   1  -4  -3  -1    7   3   3   2   7   4   1   6   1   3  20   3   2   4   0  21  10   0   1   4  0.23 0.25
  283 Q     1  -1   0   1  -1   2   3   4  -1  -3  -4  -2   0  -3  -2  -2  -3  -5  -3  -3   12   3   4   6   2  10  18  27   1   2   1   1   3   1   2   2   1   0   1   2  0.45 0.36
  284 L     3  -3  -3  -5   0  -3  -3   1  -1  -1   4  -3  -1  -2  -5   1  -2  -1  -2  -1   22   1   1   0   2   1   1   9   1   2  35   1   1   2   0  12   2   1   1   3  0.49 0.40
  285 M     0  -3  -2  -4  -1  -4  -5  -4  -3  -1   5  -4   1  -2   1  -1   1  -5  -2  -1    9   1   3   1   1   1   0   1   1   2  48   1   4   1   8   4   9   0   1   4  0.64 0.46
  286 I    -3  -3  -6  -6  -2  -4  -6  -6  -2   4   2  -5   0   2  -6  -4   0  -1   2   3    2   1   0   0   1   1   0   0   1  24  22   0   2   8   0   1   5   1   8  23  0.80 0.47
  287 G     3  -4  -4  -5   1  -3  -5   1  -5   1  -1  -4  -2  -1  -5   1   0  -6  -1   4   21   1   1   0   3   1   0  11   0   7   4   1   1   2   0  11   5   0   2  30  0.54 0.42
  288 F    -5  -2  -3  -5  -7  -5  -5  -5  -2  -2   1  -5   3   8  -5  -1   0  -1   1  -4    1   3   1   1   0   1   1   1   1   2  12   1   7  53   1   5   6   1   4   1  1.46 0.75
  289 S    -1  -3   0  -1  -2   0   3  -3   3  -2  -4  -2  -2   2   0   1  -2  -2   4  -3    5   1   5   4   1   5  20   2   6   2   2   2   1   8   5  12   2   1  14   2  0.41 0.36
  290 Y    -4   2   0   0  -7  -3  -3  -3   9  -4  -3  -3  -2  -1  -5  -1  -2   0   4  -2    1  10   3   6   0   1   2   2  41   1   2   2   1   3   1   5   3   1  12   3  1.36 0.72
  291 N    -1  -1   6  -3  -1  -3  -3   3  -5  -6  -5  -2  -4  -6  -6   2   1  -7  -4  -6    4   3  40   1   1   1   1  19   0   0   1   3   1   0   0  16   7   0   1   0  1.11 0.65
  292 T     1  -7  -6  -7   7  -6  -7  -7  -7   2  -3  -5   0  -3  -2  -2   5  -1  -4   2   13   0   0   0  19   0   0   0   0   9   2   1   2   1   2   2  33   1   1  15  1.18 0.69
  293 P    -4  -9  -9  -8  -9  -4  -8  -4  -9  -9  -6  -8  -9 -10   9  -4  -8 -10 -10  -6    1   0   0   0   0   1   0   2   0   0   1   0   0   0  94   1   0   0   0   1  3.37 1.39
  294 D    -5  -6   8   3  -9  -6  -6  -5  -6  -9  -9  -3  -8  -9  -8  -4  -1 -10  -8  -9    1   0  75  17   0   0   0   1   0   0   0   2   0   0   0   1   3   0   0   0  2.59 1.12
  295 N     0  -6   8  -2  -2  -1  -6  -3  -3  -5  -7  -6  -3  -5  -7  -1  -2  -1  -5  -5    8   0  72   1   1   2   0   2   0   1   1   0   1   0   0   5   3   1   0   1  2.10 0.97
  296 T     0  -5   1  -4   0  -5  -5  -5  -6  -1   0  -5  -2  -6  -5   2   6  -7  -6   2    6   0   7   1   2   0   0   0   0   3   8   0   1   0   0  17  42   0   0  12  0.96 0.58
  297 L    -3  -6  -7  -7  -3  -6  -6  -7  -4   2   4  -6  -1   4   4  -4  -4  -5  -3  -1    2   0   0   0   1   0   0   0   0   9  43   0   1  15  21   1   1   0   1   4  1.13 0.58
  298 P     0  -2  -4  -3  -2  -2  -3  -2  -4  -6  -3  -3  -3  -5   7   0   1  -3  -2  -6    9   3   1   1   1   2   2   3   0   0   3   1   1   1  54   7   8   0   1   0  1.34 0.70
  299 I     0  -5  -5  -5  -1  -5  -6  -6  -4   6   2  -5   2   0  -5  -3  -3  -2  -4   2    7   0   1   0   1   0   0   0   0  44  20   0   4   4   1   2   1   1   0  12  1.04 0.51
  300 F    -6  -7  -8  -8  -6  -7  -8  -8  -7   3   4  -7   1   7  -4  -7  -6  -5   1  -2    0   0   0   0   0   0   0   0   0  14  38   0   3  37   1   0   0   0   4   3  1.59 0.70
  301 W    -5  -1  -5  -6  -6  -5  -6  -6   2  -4  -1  -5  -4   2  -6  -5  -3  12   3  -4    1   3   1   0   0   1   1   1   5   1   6   1   0   7   0   1   2  60   7   2  2.84 1.05
  302 A     1   0  -1  -3   1   0  -2  -1   4  -2  -2   1   0   0  -4   2  -2   6   2  -2   12   6   2   1   3   3   2   5   9   2   3   8   2   4   0  14   2  10   8   2  0.36 0.27
  303 K    -2   1   0   2  -4   1   2  -1   1  -4  -4   2  -3  -4   2   1   0  -1  -2  -3    2   7   4  11   0   5  15   4   3   1   1  14   0   1   9  12   4   1   1   2  0.34 0.26
  304 D    -1   1   2   1  -3  -1   1   2  -2  -4  -4   3  -3  -3  -1   1   1  -5  -2  -3    3   7  10   7   1   3   9  16   1   1   1  17   0   1   2  10   7   0   1   2  0.33 0.24
  305 S    -2   0   3   1  -4  -2  -1   2  -1  -3  -4   1  -2  -4  -2   3   0  -3  -2  -3    3   5  14   7   0   1   4  17   1   2   1  10   1   1   2  22   6   0   1   1  0.41 0.31
  306 I     0   1   2   2  -3   0   1   0   0  -1  -3   3  -2  -2   0   1   0  -4  -2  -2    6   7   8  10   1   3   8   6   3   3   2  18   1   2   6  10   5   0   1   3  0.21 0.17
  307 Y    -2   0   3   1  -4   0  -1   2   0  -4  -4   2  -3  -3   2   1   1  -2  -2  -3    2   5  14   6   0   4   4  15   2   1   2  13   0   1   9   9   9   1   1   2  0.34 0.27
  308 W    -7   0  -6  -7  -5  -6  -6  -6  -1  -3  -6  -5   1   1  -4  -7  -7  12   1  -4    1   6   1   0   0   0   1   1   1   2   1   1   3   4   1   1   0  71   4   1  3.51 1.37
  309 T    -1   2   2  -2  -2   1   0  -4   2   0  -3   3  -1  -1  -2  -1   2  -5   0  -1    6  10   9   1   1   5   5   0   5   6   2  18   1   3   2   5  12   0   3   5  0.26 0.23
  310 P     2  -4  -4  -7  -5  -3  -5   0  -5  -7  -7  -4  -6  -7   7  -1  -1  -9  -6  -6   13   1   1   0   0   1   1   8   0   0   1   1   0   0  62   4   5   0   0   0  1.88 0.95
  311 I    -4  -7  -8  -8  -6  -7  -7  -8  -7   1   6  -7   0   1   0  -7  -5  -6  -4  -2    1   0   0   0   0   0   0   0   0   8  74   0   2   4   6   0   0   0   0   2  1.69 0.79
  312 F    -6  -5  -9  -9  -5  -6  -9  -9  -4   1   1  -5   1   9  -9  -8  -6  -2  -2  -1    0   1   0   0   0   0   0   0   0   7  11   1   3  71   0   0   0   0   1   4  2.41 1.00
  313 A    -3   3  -1  -3  -5  -1   1  -4  -2  -4  -3   2  -5  -4   6  -3  -1  -7  -2  -4    2  13   3   1   0   2   8   1   1   1   3  14   0   1  42   2   3   0   1   1  1.07 0.61
  314 R    -7   9  -6  -7  -8  -5  -5  -5  -6  -8  -8  -2  -7  -8  -8  -6  -7  -8  -4  -8    0  94   0   0   0   0   1   1   0   0   0   2   0   0   0   0   0   0   1   0  3.16 1.23
  315 Y     1   4  -2  -3  -5  -3  -3  -4   1  -1  -3   1  -3   1  -4  -1   0  -2   4   2   11  21   2   1   0   0   0   1   3   3   1   7   0   7   1   4   7   0  16  14  0.46 0.33
  316 S    -2   0   2   1  -4   0   1  -1   2  -3  -4   1  -1  -5   0   3   2  -4  -3  -3    2   3  11   9   0   3   8   4   5   1   1  11   2   0   5  21  11   0   0   2  0.33 0.27
  317 K    -5   7  -1  -5  -7   0  -2  -5  -5  -7  -6   5  -6  -7  -4  -4  -2  -7  -6  -6    0  51   2   0   0   3   2   1   0   0   0  37   0   0   1   1   3   0   0   0  1.74 0.73
  318 I    -3  -2   3  -2  -4  -2  -3  -3  -3   4   0   1   0  -2  -4  -2  -2  -5  -1   3    1   1  19   2   0   1   1   2   0  27   8   9   1   1   0   2   1   0   2  23  0.48 0.30
  319 Y    -5  -5   1  -3  -6  -1  -3  -4  -1  -4  -4  -5  -4   2  -1  -1   0  -2   8  -3    0   0   8   1   0   2   1   1   1   0   0   0   0   6   3   5   7   0  62   1  1.59 0.60
  320 S    -3  -5   2  -4  -5  -4  -4   7  -4  -6  -6  -4  -5  -6  -5   0  -4  -5  -6  -6    0   0  11   0   0   0   0  83   0   0   0   0   0   0   0   6   0   0   0   0  1.82 0.52

                      K         Lambda
Standard Ungapped    0.1370     0.3221
Standard Gapped      0.0392     0.2670
PSI Ungapped         0.1282     0.3178
PSI Gapped           0.0392     0.2670
